name: FAST system
f1: 1000
f2: 1500
nchan: 4096
t0: 0.00000
t1: 0.6
gain: 15.00
tsys: 30.00
raj: 0.000000000
decj: 0.000000000
useAngle: 0
tsamp: 0.000049152
digitiser: 8
